total_cases novelDailyCases active_cases total_deaths daily_deaths
2.800000000000000000e+01 0.000000000000000000e+00 1.900000000000000000e+01 0.000000000000000000e+00 0.000000000000000000e+00
2.900000000000000000e+01 1.000000000000000000e+00 2.000000000000000000e+01 0.000000000000000000e+00 0.000000000000000000e+00
3.000000000000000000e+01 1.000000000000000000e+00 2.000000000000000000e+01 0.000000000000000000e+00 0.000000000000000000e+00
3.100000000000000000e+01 1.000000000000000000e+00 1.900000000000000000e+01 0.000000000000000000e+00 0.000000000000000000e+00
5.800000000000000000e+01 2.700000000000000000e+01 4.200000000000000000e+01 0.000000000000000000e+00 0.000000000000000000e+00
1.110000000000000000e+02 5.300000000000000000e+01 9.400000000000000000e+01 1.000000000000000000e+00 1.000000000000000000e+00
2.090000000000000000e+02 9.800000000000000000e+01 1.900000000000000000e+02 2.000000000000000000e+00 1.000000000000000000e+00
4.360000000000000000e+02 2.270000000000000000e+02 4.160000000000000000e+02 2.000000000000000000e+00 0.000000000000000000e+00
6.020000000000000000e+02 1.660000000000000000e+02 5.780000000000000000e+02 6.000000000000000000e+00 4.000000000000000000e+00
8.330000000000000000e+02 2.310000000000000000e+02 8.030000000000000000e+02 8.000000000000000000e+00 2.000000000000000000e+00
9.770000000000000000e+02 1.440000000000000000e+02 9.440000000000000000e+02 1.100000000000000000e+01 3.000000000000000000e+00
1.261000000000000000e+03 2.840000000000000000e+02 1.225000000000000000e+03 1.200000000000000000e+01 1.000000000000000000e+00
1.766000000000000000e+03 5.050000000000000000e+02 1.729000000000000000e+03 1.300000000000000000e+01 1.000000000000000000e+00
2.337000000000000000e+03 5.710000000000000000e+02 2.297000000000000000e+03 1.600000000000000000e+01 3.000000000000000000e+00
3.150000000000000000e+03 8.130000000000000000e+02 3.109000000000000000e+03 1.700000000000000000e+01 1.000000000000000000e+00
3.736000000000000000e+03 5.860000000000000000e+02 3.685000000000000000e+03 2.100000000000000000e+01 4.000000000000000000e+00
4.335000000000000000e+03 5.990000000000000000e+02 4.277000000000000000e+03 2.800000000000000000e+01 7.000000000000000000e+00
5.186000000000000000e+03 8.510000000000000000e+02 5.120000000000000000e+03 3.200000000000000000e+01 4.000000000000000000e+00
5.621000000000000000e+03 4.350000000000000000e+02 5.498000000000000000e+03 3.500000000000000000e+01 3.000000000000000000e+00
6.284000000000000000e+03 6.630000000000000000e+02 6.107000000000000000e+03 4.200000000000000000e+01 7.000000000000000000e+00
6.593000000000000000e+03 3.090000000000000000e+02 6.415000000000000000e+03 4.300000000000000000e+01 1.000000000000000000e+00
7.041000000000000000e+03 4.480000000000000000e+02 6.875000000000000000e+03 4.800000000000000000e+01 5.000000000000000000e+00
7.313000000000000000e+03 2.720000000000000000e+02 7.097000000000000000e+03 5.000000000000000000e+01 2.000000000000000000e+00
7.478000000000000000e+03 1.650000000000000000e+02 7.178000000000000000e+03 5.300000000000000000e+01 3.000000000000000000e+00
7.513000000000000000e+03 3.500000000000000000e+01 7.165000000000000000e+03 6.000000000000000000e+01 7.000000000000000000e+00
7.755000000000000000e+03 2.420000000000000000e+02 7.362000000000000000e+03 6.000000000000000000e+01 0.000000000000000000e+00
7.869000000000000000e+03 1.140000000000000000e+02 7.293000000000000000e+03 6.600000000000000000e+01 6.000000000000000000e+00
7.979000000000000000e+03 1.100000000000000000e+02 7.198000000000000000e+03 6.700000000000000000e+01 1.000000000000000000e+00
8.086000000000000000e+03 1.070000000000000000e+02 7.180000000000000000e+03 7.200000000000000000e+01 5.000000000000000000e+00
8.162000000000000000e+03 7.600000000000000000e+01 7.253000000000000000e+03 7.500000000000000000e+01 3.000000000000000000e+00
8.236000000000000000e+03 7.400000000000000000e+01 7.024000000000000000e+03 7.500000000000000000e+01 0.000000000000000000e+00
8.320000000000000000e+03 8.400000000000000000e+01 6.838000000000000000e+03 8.100000000000000000e+01 6.000000000000000000e+00
8.413000000000000000e+03 9.300000000000000000e+01 6.789000000000000000e+03 8.400000000000000000e+01 3.000000000000000000e+00
8.565000000000000000e+03 1.520000000000000000e+02 6.527000000000000000e+03 9.100000000000000000e+01 7.000000000000000000e+00
8.652000000000000000e+03 8.700000000000000000e+01 6.325000000000000000e+03 9.400000000000000000e+01 3.000000000000000000e+00
8.799000000000000000e+03 1.470000000000000000e+02 6.085000000000000000e+03 1.020000000000000000e+02 8.000000000000000000e+00
8.897000000000000000e+03 9.800000000000000000e+01 5.884000000000000000e+03 1.040000000000000000e+02 2.000000000000000000e+00
8.961000000000000000e+03 6.400000000000000000e+01 5.684000000000000000e+03 1.110000000000000000e+02 7.000000000000000000e+00
9.037000000000000000e+03 7.600000000000000000e+01 5.410000000000000000e+03 1.200000000000000000e+02 9.000000000000000000e+00
9.137000000000000000e+03 1.000000000000000000e+02 5.281000000000000000e+03 1.260000000000000000e+02 6.000000000000000000e+00
9.241000000000000000e+03 1.040000000000000000e+02 4.966000000000000000e+03 1.310000000000000000e+02 5.000000000000000000e+00
9.332000000000000000e+03 9.100000000000000000e+01 4.665000000000000000e+03 1.390000000000000000e+02 8.000000000000000000e+00
9.478000000000000000e+03 1.460000000000000000e+02 4.523000000000000000e+03 1.440000000000000000e+02 5.000000000000000000e+00
9.583000000000000000e+03 1.050000000000000000e+02 4.398000000000000000e+03 1.520000000000000000e+02 8.000000000000000000e+00
9.661000000000000000e+03 7.800000000000000000e+01 4.275000000000000000e+03 1.580000000000000000e+02 6.000000000000000000e+00
9.786000000000000000e+03 1.250000000000000000e+02 4.216000000000000000e+03 1.620000000000000000e+02 4.000000000000000000e+00
9.887000000000000000e+03 1.010000000000000000e+02 4.155000000000000000e+03 1.650000000000000000e+02 3.000000000000000000e+00
9.976000000000000000e+03 8.900000000000000000e+01 3.979000000000000000e+03 1.690000000000000000e+02 4.000000000000000000e+00
1.006200000000000000e+04 8.600000000000000000e+01 3.867000000000000000e+03 1.740000000000000000e+02 5.000000000000000000e+00
1.015600000000000000e+04 9.400000000000000000e+01 3.654000000000000000e+03 1.770000000000000000e+02 3.000000000000000000e+00
1.023700000000000000e+04 8.100000000000000000e+01 3.591000000000000000e+03 1.830000000000000000e+02 6.000000000000000000e+00
1.028400000000000000e+04 4.700000000000000000e+01 3.500000000000000000e+03 1.860000000000000000e+02 3.000000000000000000e+00
1.033100000000000000e+04 4.700000000000000000e+01 3.445000000000000000e+03 1.920000000000000000e+02 6.000000000000000000e+00
1.038400000000000000e+04 5.300000000000000000e+01 3.408000000000000000e+03 2.000000000000000000e+02 8.000000000000000000e+00
1.042300000000000000e+04 3.900000000000000000e+01 3.246000000000000000e+03 2.040000000000000000e+02 4.000000000000000000e+00
1.045000000000000000e+04 2.700000000000000000e+01 3.125000000000000000e+03 2.080000000000000000e+02 4.000000000000000000e+00
1.048000000000000000e+04 3.000000000000000000e+01 3.026000000000000000e+03 2.110000000000000000e+02 3.000000000000000000e+00
1.051200000000000000e+04 3.200000000000000000e+01 2.930000000000000000e+03 2.140000000000000000e+02 3.000000000000000000e+00
1.053700000000000000e+04 2.500000000000000000e+01 2.873000000000000000e+03 2.170000000000000000e+02 3.000000000000000000e+00
1.056400000000000000e+04 2.700000000000000000e+01 2.808000000000000000e+03 2.220000000000000000e+02 5.000000000000000000e+00
1.059100000000000000e+04 2.700000000000000000e+01 2.750000000000000000e+03 2.250000000000000000e+02 3.000000000000000000e+00
1.061300000000000000e+04 2.200000000000000000e+01 2.627000000000000000e+03 2.290000000000000000e+02 4.000000000000000000e+00
1.063500000000000000e+04 2.200000000000000000e+01 2.576000000000000000e+03 2.300000000000000000e+02 1.000000000000000000e+00
1.065300000000000000e+04 1.800000000000000000e+01 2.484000000000000000e+03 2.320000000000000000e+02 2.000000000000000000e+00
1.066100000000000000e+04 8.000000000000000000e+00 2.385000000000000000e+03 2.340000000000000000e+02 2.000000000000000000e+00
1.067400000000000000e+04 1.300000000000000000e+01 2.324000000000000000e+03 2.360000000000000000e+02 2.000000000000000000e+00
1.068300000000000000e+04 9.000000000000000000e+00 2.233000000000000000e+03 2.370000000000000000e+02 1.000000000000000000e+00
1.069400000000000000e+04 1.100000000000000000e+01 2.179000000000000000e+03 2.380000000000000000e+02 1.000000000000000000e+00
1.070200000000000000e+04 8.000000000000000000e+00 2.051000000000000000e+03 2.400000000000000000e+02 2.000000000000000000e+00
1.070800000000000000e+04 6.000000000000000000e+00 1.967000000000000000e+03 2.400000000000000000e+02 0.000000000000000000e+00
1.071800000000000000e+04 1.000000000000000000e+01 1.843000000000000000e+03 2.400000000000000000e+02 0.000000000000000000e+00
1.072800000000000000e+04 1.000000000000000000e+01 1.769000000000000000e+03 2.420000000000000000e+02 2.000000000000000000e+00
1.073800000000000000e+04 1.000000000000000000e+01 1.731000000000000000e+03 2.430000000000000000e+02 1.000000000000000000e+00
1.075200000000000000e+04 1.400000000000000000e+01 1.654000000000000000e+03 2.440000000000000000e+02 1.000000000000000000e+00
1.076100000000000000e+04 9.000000000000000000e+00 1.593000000000000000e+03 2.460000000000000000e+02 2.000000000000000000e+00
1.076500000000000000e+04 4.000000000000000000e+00 1.459000000000000000e+03 2.470000000000000000e+02 1.000000000000000000e+00
1.077400000000000000e+04 9.000000000000000000e+00 1.454000000000000000e+03 2.480000000000000000e+02 1.000000000000000000e+00
1.078000000000000000e+04 6.000000000000000000e+00 1.407000000000000000e+03 2.500000000000000000e+02 2.000000000000000000e+00
1.079300000000000000e+04 1.300000000000000000e+01 1.360000000000000000e+03 2.500000000000000000e+02 0.000000000000000000e+00
1.080100000000000000e+04 8.000000000000000000e+00 1.332000000000000000e+03 2.520000000000000000e+02 2.000000000000000000e+00
1.080400000000000000e+04 3.000000000000000000e+00 1.267000000000000000e+03 2.540000000000000000e+02 2.000000000000000000e+00
1.080600000000000000e+04 2.000000000000000000e+00 1.218000000000000000e+03 2.550000000000000000e+02 1.000000000000000000e+00
1.081000000000000000e+04 4.000000000000000000e+00 1.135000000000000000e+03 2.560000000000000000e+02 1.000000000000000000e+00
1.082200000000000000e+04 1.200000000000000000e+01 1.082000000000000000e+03 2.560000000000000000e+02 0.000000000000000000e+00
1.084000000000000000e+04 1.800000000000000000e+01 1.016000000000000000e+03 2.560000000000000000e+02 0.000000000000000000e+00
1.087400000000000000e+04 3.400000000000000000e+01 1.008000000000000000e+03 2.560000000000000000e+02 0.000000000000000000e+00
1.090900000000000000e+04 3.500000000000000000e+01 1.021000000000000000e+03 2.560000000000000000e+02 0.000000000000000000e+00
1.093600000000000000e+04 2.700000000000000000e+01 1.008000000000000000e+03 2.580000000000000000e+02 2.000000000000000000e+00
1.096200000000000000e+04 2.600000000000000000e+01 1.008000000000000000e+03 2.590000000000000000e+02 1.000000000000000000e+00
1.099100000000000000e+04 2.900000000000000000e+01 9.690000000000000000e+02 2.600000000000000000e+02 1.000000000000000000e+00
1.101800000000000000e+04 2.700000000000000000e+01 9.370000000000000000e+02 2.600000000000000000e+02 0.000000000000000000e+00
1.103700000000000000e+04 1.900000000000000000e+01 9.240000000000000000e+02 2.620000000000000000e+02 2.000000000000000000e+00
1.105000000000000000e+04 1.300000000000000000e+01 9.000000000000000000e+02 2.620000000000000000e+02 0.000000000000000000e+00
1.106500000000000000e+04 1.500000000000000000e+01 8.980000000000000000e+02 2.630000000000000000e+02 1.000000000000000000e+00
1.107800000000000000e+04 1.300000000000000000e+01 8.770000000000000000e+02 2.630000000000000000e+02 0.000000000000000000e+00
1.111000000000000000e+04 3.200000000000000000e+01 7.810000000000000000e+02 2.630000000000000000e+02 0.000000000000000000e+00
1.112200000000000000e+04 1.200000000000000000e+01 7.230000000000000000e+02 2.640000000000000000e+02 1.000000000000000000e+00
1.114200000000000000e+04 2.000000000000000000e+01 7.160000000000000000e+02 2.640000000000000000e+02 0.000000000000000000e+00
1.116500000000000000e+04 2.300000000000000000e+01 7.050000000000000000e+02 2.660000000000000000e+02 2.000000000000000000e+00
1.119000000000000000e+04 2.500000000000000000e+01 7.110000000000000000e+02 2.660000000000000000e+02 0.000000000000000000e+00
1.120600000000000000e+04 1.600000000000000000e+01 7.130000000000000000e+02 2.670000000000000000e+02 1.000000000000000000e+00
1.122500000000000000e+04 1.900000000000000000e+01 6.810000000000000000e+02 2.690000000000000000e+02 2.000000000000000000e+00
1.126500000000000000e+04 4.000000000000000000e+01 7.010000000000000000e+02 2.690000000000000000e+02 0.000000000000000000e+00
1.134400000000000000e+04 7.900000000000000000e+01 7.350000000000000000e+02 2.690000000000000000e+02 0.000000000000000000e+00
1.140200000000000000e+04 5.800000000000000000e+01 7.700000000000000000e+02 2.690000000000000000e+02 0.000000000000000000e+00
1.144100000000000000e+04 3.900000000000000000e+01 7.740000000000000000e+02 2.690000000000000000e+02 0.000000000000000000e+00
1.146800000000000000e+04 2.700000000000000000e+01 7.930000000000000000e+02 2.700000000000000000e+02 1.000000000000000000e+00
1.150300000000000000e+04 3.500000000000000000e+01 8.100000000000000000e+02 2.710000000000000000e+02 1.000000000000000000e+00
1.154100000000000000e+04 3.800000000000000000e+01 8.230000000000000000e+02 2.720000000000000000e+02 1.000000000000000000e+00
1.159000000000000000e+04 4.900000000000000000e+01 8.500000000000000000e+02 2.730000000000000000e+02 1.000000000000000000e+00
1.162900000000000000e+04 3.900000000000000000e+01 8.570000000000000000e+02 2.730000000000000000e+02 0.000000000000000000e+00
1.166800000000000000e+04 3.900000000000000000e+01 8.890000000000000000e+02 2.730000000000000000e+02 0.000000000000000000e+00
1.171900000000000000e+04 5.100000000000000000e+01 9.150000000000000000e+02 2.730000000000000000e+02 0.000000000000000000e+00
1.177600000000000000e+04 5.700000000000000000e+01 9.510000000000000000e+02 2.730000000000000000e+02 0.000000000000000000e+00
1.181400000000000000e+04 3.800000000000000000e+01 9.780000000000000000e+02 2.730000000000000000e+02 0.000000000000000000e+00
1.185200000000000000e+04 3.800000000000000000e+01 9.890000000000000000e+02 2.740000000000000000e+02 1.000000000000000000e+00
1.190200000000000000e+04 5.000000000000000000e+01 1.015000000000000000e+03 2.760000000000000000e+02 2.000000000000000000e+00
1.194700000000000000e+04 4.500000000000000000e+01 1.017000000000000000e+03 2.760000000000000000e+02 0.000000000000000000e+00
1.200300000000000000e+04 5.600000000000000000e+01 1.057000000000000000e+03 2.770000000000000000e+02 1.000000000000000000e+00
1.205100000000000000e+04 4.800000000000000000e+01 1.083000000000000000e+03 2.770000000000000000e+02 0.000000000000000000e+00
1.208500000000000000e+04 3.400000000000000000e+01 1.090000000000000000e+03 2.770000000000000000e+02 0.000000000000000000e+00
1.212100000000000000e+04 3.600000000000000000e+01 1.114000000000000000e+03 2.770000000000000000e+02 0.000000000000000000e+00
1.215500000000000000e+04 3.400000000000000000e+01 1.117000000000000000e+03 2.780000000000000000e+02 1.000000000000000000e+00
1.219800000000000000e+04 4.300000000000000000e+01 1.145000000000000000e+03 2.790000000000000000e+02 1.000000000000000000e+00
1.225700000000000000e+04 5.900000000000000000e+01 1.177000000000000000e+03 2.800000000000000000e+02 1.000000000000000000e+00
1.230600000000000000e+04 4.900000000000000000e+01 1.191000000000000000e+03 2.800000000000000000e+02 0.000000000000000000e+00
1.237300000000000000e+04 6.700000000000000000e+01 1.237000000000000000e+03 2.800000000000000000e+02 0.000000000000000000e+00
1.242100000000000000e+04 4.800000000000000000e+01 1.273000000000000000e+03 2.800000000000000000e+02 0.000000000000000000e+00
1.243800000000000000e+04 1.700000000000000000e+01 1.277000000000000000e+03 2.800000000000000000e+02 0.000000000000000000e+00
1.248400000000000000e+04 4.600000000000000000e+01 1.295000000000000000e+03 2.810000000000000000e+02 1.000000000000000000e+00
1.253500000000000000e+04 5.100000000000000000e+01 1.324000000000000000e+03 2.810000000000000000e+02 0.000000000000000000e+00
1.256300000000000000e+04 2.800000000000000000e+01 1.307000000000000000e+03 2.820000000000000000e+02 1.000000000000000000e+00
1.260200000000000000e+04 3.900000000000000000e+01 1.148000000000000000e+03 2.820000000000000000e+02 0.000000000000000000e+00
1.265300000000000000e+04 5.100000000000000000e+01 1.054000000000000000e+03 2.820000000000000000e+02 0.000000000000000000e+00
1.271500000000000000e+04 6.200000000000000000e+01 1.069000000000000000e+03 2.820000000000000000e+02 0.000000000000000000e+00
1.275700000000000000e+04 4.200000000000000000e+01 1.046000000000000000e+03 2.820000000000000000e+02 0.000000000000000000e+00
1.280000000000000000e+04 4.300000000000000000e+01 9.810000000000000000e+02 2.820000000000000000e+02 0.000000000000000000e+00
1.285000000000000000e+04 5.000000000000000000e+01 9.550000000000000000e+02 2.820000000000000000e+02 0.000000000000000000e+00
1.290400000000000000e+04 5.400000000000000000e+01 9.380000000000000000e+02 2.820000000000000000e+02 0.000000000000000000e+00
1.296700000000000000e+04 6.300000000000000000e+01 9.260000000000000000e+02 2.820000000000000000e+02 0.000000000000000000e+00
1.303000000000000000e+04 6.300000000000000000e+01 9.360000000000000000e+02 2.830000000000000000e+02 1.000000000000000000e+00
1.309100000000000000e+04 6.100000000000000000e+01 9.760000000000000000e+02 2.830000000000000000e+02 0.000000000000000000e+00
1.313700000000000000e+04 4.600000000000000000e+01 1.005000000000000000e+03 2.840000000000000000e+02 1.000000000000000000e+00
1.318100000000000000e+04 4.400000000000000000e+01 9.820000000000000000e+02 2.850000000000000000e+02 1.000000000000000000e+00
1.324300000000000000e+04 6.200000000000000000e+01 9.880000000000000000e+02 2.850000000000000000e+02 0.000000000000000000e+00
1.329300000000000000e+04 5.000000000000000000e+01 9.870000000000000000e+02 2.870000000000000000e+02 2.000000000000000000e+00
1.333800000000000000e+04 4.500000000000000000e+01 9.850000000000000000e+02 2.880000000000000000e+02 1.000000000000000000e+00
1.337300000000000000e+04 3.500000000000000000e+01 9.410000000000000000e+02 2.880000000000000000e+02 0.000000000000000000e+00
1.341700000000000000e+04 4.400000000000000000e+01 9.500000000000000000e+02 2.890000000000000000e+02 1.000000000000000000e+00
1.347900000000000000e+04 6.200000000000000000e+01 9.860000000000000000e+02 2.890000000000000000e+02 0.000000000000000000e+00
1.351200000000000000e+04 3.300000000000000000e+01 9.410000000000000000e+02 2.890000000000000000e+02 0.000000000000000000e+00
1.355100000000000000e+04 3.900000000000000000e+01 9.140000000000000000e+02 2.890000000000000000e+02 0.000000000000000000e+00
1.361200000000000000e+04 6.100000000000000000e+01 9.250000000000000000e+02 2.910000000000000000e+02 2.000000000000000000e+00
1.367200000000000000e+04 6.000000000000000000e+01 9.190000000000000000e+02 2.930000000000000000e+02 2.000000000000000000e+00
1.371100000000000000e+04 3.900000000000000000e+01 8.980000000000000000e+02 2.940000000000000000e+02 1.000000000000000000e+00
1.374500000000000000e+04 3.400000000000000000e+01 8.940000000000000000e+02 2.950000000000000000e+02 1.000000000000000000e+00
1.377100000000000000e+04 2.600000000000000000e+01 9.030000000000000000e+02 2.960000000000000000e+02 1.000000000000000000e+00
1.381600000000000000e+04 4.500000000000000000e+01 8.770000000000000000e+02 2.960000000000000000e+02 0.000000000000000000e+00
1.387900000000000000e+04 6.300000000000000000e+01 8.840000000000000000e+02 2.970000000000000000e+02 1.000000000000000000e+00
1.393800000000000000e+04 5.900000000000000000e+01 8.830000000000000000e+02 2.970000000000000000e+02 0.000000000000000000e+00
1.397900000000000000e+04 4.100000000000000000e+01 8.640000000000000000e+02 2.980000000000000000e+02 1.000000000000000000e+00
1.409200000000000000e+04 1.130000000000000000e+02 9.280000000000000000e+02 2.980000000000000000e+02 0.000000000000000000e+00
1.415000000000000000e+04 5.800000000000000000e+01 9.620000000000000000e+02 2.980000000000000000e+02 0.000000000000000000e+00
1.417500000000000000e+04 2.500000000000000000e+01 9.710000000000000000e+02 2.990000000000000000e+02 1.000000000000000000e+00
1.420300000000000000e+04 2.800000000000000000e+01 8.960000000000000000e+02 3.000000000000000000e+02 1.000000000000000000e+00
1.425100000000000000e+04 4.800000000000000000e+01 8.820000000000000000e+02 3.000000000000000000e+02 0.000000000000000000e+00
1.426900000000000000e+04 1.800000000000000000e+01 8.370000000000000000e+02 3.000000000000000000e+02 0.000000000000000000e+00
1.430500000000000000e+04 3.600000000000000000e+01 8.210000000000000000e+02 3.010000000000000000e+02 1.000000000000000000e+00
1.433600000000000000e+04 3.100000000000000000e+01 8.020000000000000000e+02 3.010000000000000000e+02 0.000000000000000000e+00
1.436600000000000000e+04 3.000000000000000000e+01 8.060000000000000000e+02 3.010000000000000000e+02 0.000000000000000000e+00
1.438900000000000000e+04 2.300000000000000000e+01 8.080000000000000000e+02 3.010000000000000000e+02 0.000000000000000000e+00
1.442300000000000000e+04 3.400000000000000000e+01 7.700000000000000000e+02 3.010000000000000000e+02 0.000000000000000000e+00
1.445600000000000000e+04 3.300000000000000000e+01 7.480000000000000000e+02 3.020000000000000000e+02 1.000000000000000000e+00
1.449900000000000000e+04 4.300000000000000000e+01 6.960000000000000000e+02 3.020000000000000000e+02 0.000000000000000000e+00
1.451900000000000000e+04 2.000000000000000000e+01 6.730000000000000000e+02 3.030000000000000000e+02 1.000000000000000000e+00
1.456200000000000000e+04 4.300000000000000000e+01 6.290000000000000000e+02 3.040000000000000000e+02 1.000000000000000000e+00
1.459800000000000000e+04 3.600000000000000000e+01 6.510000000000000000e+02 3.050000000000000000e+02 1.000000000000000000e+00
1.462600000000000000e+04 2.800000000000000000e+01 6.630000000000000000e+02 3.050000000000000000e+02 0.000000000000000000e+00
1.466000000000000000e+04 3.400000000000000000e+01 6.260000000000000000e+02 3.050000000000000000e+02 0.000000000000000000e+00
1.471400000000000000e+04 5.400000000000000000e+01 6.230000000000000000e+02 3.050000000000000000e+02 0.000000000000000000e+00
1.477000000000000000e+04 5.600000000000000000e+01 6.480000000000000000e+02 3.050000000000000000e+02 0.000000000000000000e+00
1.487300000000000000e+04 1.030000000000000000e+02 7.050000000000000000e+02 3.050000000000000000e+02 0.000000000000000000e+00
1.503900000000000000e+04 1.660000000000000000e+02 8.330000000000000000e+02 3.050000000000000000e+02 0.000000000000000000e+00
1.531800000000000000e+04 2.790000000000000000e+02 1.103000000000000000e+03 3.050000000000000000e+02 0.000000000000000000e+00
1.551500000000000000e+04 1.970000000000000000e+02 1.293000000000000000e+03 3.050000000000000000e+02 0.000000000000000000e+00
1.576100000000000000e+04 2.460000000000000000e+02 1.521000000000000000e+03 3.060000000000000000e+02 1.000000000000000000e+00
1.605800000000000000e+04 2.970000000000000000e+02 1.746000000000000000e+03 3.060000000000000000e+02 0.000000000000000000e+00
1.634600000000000000e+04 2.880000000000000000e+02 1.976000000000000000e+03 3.070000000000000000e+02 1.000000000000000000e+00
1.667000000000000000e+04 3.240000000000000000e+02 2.241000000000000000e+03 3.090000000000000000e+02 2.000000000000000000e+00
1.700200000000000000e+04 3.320000000000000000e+02 2.524000000000000000e+03 3.090000000000000000e+02 0.000000000000000000e+00
1.739900000000000000e+04 3.970000000000000000e+02 2.890000000000000000e+03 3.090000000000000000e+02 0.000000000000000000e+00
1.766500000000000000e+04 2.660000000000000000e+02 3.137000000000000000e+03 3.090000000000000000e+02 0.000000000000000000e+00
1.794500000000000000e+04 2.800000000000000000e+02 3.349000000000000000e+03 3.100000000000000000e+02 1.000000000000000000e+00
1.826500000000000000e+04 3.200000000000000000e+02 3.585000000000000000e+03 3.120000000000000000e+02 2.000000000000000000e+00
1.870600000000000000e+04 4.410000000000000000e+02 3.932000000000000000e+03 3.130000000000000000e+02 1.000000000000000000e+00
1.907700000000000000e+04 3.710000000000000000e+02 4.210000000000000000e+03 3.160000000000000000e+02 3.000000000000000000e+00
1.940000000000000000e+04 3.230000000000000000e+02 4.314000000000000000e+03 3.210000000000000000e+02 5.000000000000000000e+00
1.969900000000000000e+04 2.990000000000000000e+02 4.473000000000000000e+03 3.230000000000000000e+02 2.000000000000000000e+00
1.994700000000000000e+04 2.480000000000000000e+02 4.650000000000000000e+03 3.240000000000000000e+02 1.000000000000000000e+00
2.018200000000000000e+04 2.350000000000000000e+02 4.660000000000000000e+03 3.240000000000000000e+02 0.000000000000000000e+00
2.044900000000000000e+04 2.670000000000000000e+02 4.767000000000000000e+03 3.260000000000000000e+02 2.000000000000000000e+00
2.064400000000000000e+04 1.950000000000000000e+02 4.786000000000000000e+03 3.290000000000000000e+02 3.000000000000000000e+00
2.084200000000000000e+04 1.980000000000000000e+02 4.728000000000000000e+03 3.310000000000000000e+02 2.000000000000000000e+00
2.101000000000000000e+04 1.680000000000000000e+02 4.668000000000000000e+03 3.330000000000000000e+02 2.000000000000000000e+00
2.117700000000000000e+04 1.670000000000000000e+02 4.697000000000000000e+03 3.340000000000000000e+02 1.000000000000000000e+00
2.129600000000000000e+04 1.190000000000000000e+02 4.663000000000000000e+03 3.360000000000000000e+02 2.000000000000000000e+00
2.143200000000000000e+04 1.360000000000000000e+02 4.455000000000000000e+03 3.410000000000000000e+02 5.000000000000000000e+00
2.158800000000000000e+04 1.560000000000000000e+02 4.221000000000000000e+03 3.440000000000000000e+02 3.000000000000000000e+00
2.174300000000000000e+04 1.550000000000000000e+02 4.037000000000000000e+03 3.460000000000000000e+02 2.000000000000000000e+00
2.191900000000000000e+04 1.760000000000000000e+02 3.953000000000000000e+03 3.500000000000000000e+02 4.000000000000000000e+00
2.205500000000000000e+04 1.360000000000000000e+02 3.671000000000000000e+03 3.550000000000000000e+02 5.000000000000000000e+00
2.217600000000000000e+04 1.210000000000000000e+02 3.592000000000000000e+03 3.580000000000000000e+02 3.000000000000000000e+00
2.228500000000000000e+04 1.090000000000000000e+02 3.433000000000000000e+03 3.630000000000000000e+02 5.000000000000000000e+00
2.239100000000000000e+04 1.060000000000000000e+02 3.146000000000000000e+03 3.670000000000000000e+02 4.000000000000000000e+00
2.250400000000000000e+04 1.130000000000000000e+02 2.827000000000000000e+03 3.670000000000000000e+02 0.000000000000000000e+00
2.265700000000000000e+04 1.530000000000000000e+02 2.742000000000000000e+03 3.720000000000000000e+02 5.000000000000000000e+00
2.278300000000000000e+04 1.260000000000000000e+02 2.635000000000000000e+03 3.770000000000000000e+02 5.000000000000000000e+00
2.289300000000000000e+04 1.100000000000000000e+02 2.545000000000000000e+03 3.780000000000000000e+02 1.000000000000000000e+00
2.297500000000000000e+04 8.200000000000000000e+01 2.434000000000000000e+03 3.830000000000000000e+02 5.000000000000000000e+00
2.304500000000000000e+04 7.000000000000000000e+01 2.412000000000000000e+03 3.850000000000000000e+02 2.000000000000000000e+00
2.310600000000000000e+04 6.100000000000000000e+01 2.277000000000000000e+03 3.880000000000000000e+02 3.000000000000000000e+00
2.321600000000000000e+04 1.100000000000000000e+02 2.178000000000000000e+03 3.880000000000000000e+02 0.000000000000000000e+00
2.334100000000000000e+04 1.250000000000000000e+02 2.116000000000000000e+03 3.930000000000000000e+02 5.000000000000000000e+00
2.345500000000000000e+04 1.140000000000000000e+02 2.082000000000000000e+03 3.950000000000000000e+02 2.000000000000000000e+00
2.351600000000000000e+04 6.100000000000000000e+01 1.951000000000000000e+03 3.990000000000000000e+02 4.000000000000000000e+00
2.361100000000000000e+04 9.500000000000000000e+01 1.962000000000000000e+03 4.010000000000000000e+02 2.000000000000000000e+00
2.366100000000000000e+04 5.000000000000000000e+01 1.963000000000000000e+03 4.060000000000000000e+02 5.000000000000000000e+00
2.369900000000000000e+04 3.800000000000000000e+01 1.822000000000000000e+03 4.070000000000000000e+02 1.000000000000000000e+00
2.381200000000000000e+04 1.130000000000000000e+02 1.808000000000000000e+03 4.130000000000000000e+02 6.000000000000000000e+00
2.388900000000000000e+04 7.700000000000000000e+01 1.808000000000000000e+03 4.150000000000000000e+02 2.000000000000000000e+00
2.395200000000000000e+04 6.300000000000000000e+01 1.803000000000000000e+03 4.160000000000000000e+02 1.000000000000000000e+00
2.402700000000000000e+04 7.500000000000000000e+01 1.820000000000000000e+03 4.200000000000000000e+02 4.000000000000000000e+00
2.409100000000000000e+04 6.400000000000000000e+01 1.825000000000000000e+03 4.210000000000000000e+02 1.000000000000000000e+00
2.416400000000000000e+04 7.300000000000000000e+01 1.856000000000000000e+03 4.220000000000000000e+02 1.000000000000000000e+00
2.423900000000000000e+04 7.500000000000000000e+01 1.734000000000000000e+03 4.220000000000000000e+02 0.000000000000000000e+00
2.435300000000000000e+04 1.140000000000000000e+02 1.594000000000000000e+03 4.250000000000000000e+02 3.000000000000000000e+00
2.442200000000000000e+04 6.900000000000000000e+01 1.532000000000000000e+03 4.270000000000000000e+02 2.000000000000000000e+00
2.447600000000000000e+04 5.400000000000000000e+01 1.479000000000000000e+03 4.280000000000000000e+02 1.000000000000000000e+00
2.454800000000000000e+04 7.200000000000000000e+01 1.494000000000000000e+03 4.300000000000000000e+02 2.000000000000000000e+00
2.460600000000000000e+04 5.800000000000000000e+01 1.481000000000000000e+03 4.320000000000000000e+02 2.000000000000000000e+00
2.470300000000000000e+04 9.700000000000000000e+01 1.541000000000000000e+03 4.330000000000000000e+02 1.000000000000000000e+00
2.480500000000000000e+04 1.020000000000000000e+02 1.508000000000000000e+03 4.340000000000000000e+02 1.000000000000000000e+00
2.487800000000000000e+04 7.300000000000000000e+01 1.410000000000000000e+03 4.380000000000000000e+02 4.000000000000000000e+00
2.498800000000000000e+04 1.100000000000000000e+02 1.467000000000000000e+03 4.390000000000000000e+02 1.000000000000000000e+00
2.503500000000000000e+04 4.700000000000000000e+01 1.414000000000000000e+03 4.410000000000000000e+02 2.000000000000000000e+00
2.510800000000000000e+04 7.300000000000000000e+01 1.407000000000000000e+03 4.430000000000000000e+02 2.000000000000000000e+00
2.519900000000000000e+04 9.100000000000000000e+01 1.443000000000000000e+03 4.440000000000000000e+02 1.000000000000000000e+00
2.527500000000000000e+04 7.600000000000000000e+01 1.463000000000000000e+03 4.440000000000000000e+02 0.000000000000000000e+00
2.533300000000000000e+04 5.800000000000000000e+01 1.420000000000000000e+03 4.470000000000000000e+02 3.000000000000000000e+00
2.542400000000000000e+04 9.100000000000000000e+01 1.390000000000000000e+03 4.500000000000000000e+02 3.000000000000000000e+00
2.554300000000000000e+04 1.190000000000000000e+02 1.443000000000000000e+03 4.530000000000000000e+02 3.000000000000000000e+00
2.569800000000000000e+04 1.550000000000000000e+02 1.526000000000000000e+03 4.550000000000000000e+02 2.000000000000000000e+00
2.577500000000000000e+04 7.700000000000000000e+01 1.484000000000000000e+03 4.570000000000000000e+02 2.000000000000000000e+00
2.583600000000000000e+04 6.100000000000000000e+01 1.510000000000000000e+03 4.570000000000000000e+02 0.000000000000000000e+00
2.595500000000000000e+04 1.190000000000000000e+02 1.593000000000000000e+03 4.570000000000000000e+02 0.000000000000000000e+00
2.604300000000000000e+04 8.800000000000000000e+01 1.602000000000000000e+03 4.600000000000000000e+02 3.000000000000000000e+00
2.614600000000000000e+04 1.030000000000000000e+02 1.612000000000000000e+03 4.610000000000000000e+02 1.000000000000000000e+00
2.627100000000000000e+04 1.250000000000000000e+02 1.641000000000000000e+03 4.620000000000000000e+02 1.000000000000000000e+00
2.638500000000000000e+04 1.140000000000000000e+02 1.695000000000000000e+03 4.630000000000000000e+02 1.000000000000000000e+00
2.651100000000000000e+04 1.260000000000000000e+02 1.736000000000000000e+03 4.640000000000000000e+02 1.000000000000000000e+00
2.663500000000000000e+04 1.240000000000000000e+02 1.812000000000000000e+03 4.660000000000000000e+02 2.000000000000000000e+00
2.673200000000000000e+04 9.700000000000000000e+01 1.869000000000000000e+03 4.680000000000000000e+02 2.000000000000000000e+00
2.680700000000000000e+04 7.500000000000000000e+01 1.825000000000000000e+03 4.720000000000000000e+02 4.000000000000000000e+00
2.692500000000000000e+04 1.180000000000000000e+02 1.835000000000000000e+03 4.740000000000000000e+02 2.000000000000000000e+00
2.705000000000000000e+04 1.250000000000000000e+02 1.840000000000000000e+03 4.750000000000000000e+02 1.000000000000000000e+00
2.719500000000000000e+04 1.450000000000000000e+02 1.898000000000000000e+03 4.760000000000000000e+02 1.000000000000000000e+00
2.728400000000000000e+04 8.900000000000000000e+01 1.897000000000000000e+03 4.770000000000000000e+02 1.000000000000000000e+00
2.742700000000000000e+04 1.430000000000000000e+02 1.981000000000000000e+03 4.780000000000000000e+02 1.000000000000000000e+00
2.755300000000000000e+04 1.260000000000000000e+02 2.044000000000000000e+03 4.800000000000000000e+02 2.000000000000000000e+00
2.765300000000000000e+04 1.000000000000000000e+02 2.008000000000000000e+03 4.850000000000000000e+02 5.000000000000000000e+00
2.779900000000000000e+04 1.460000000000000000e+02 2.046000000000000000e+03 4.870000000000000000e+02 2.000000000000000000e+00
2.794200000000000000e+04 1.430000000000000000e+02 2.051000000000000000e+03 4.870000000000000000e+02 0.000000000000000000e+00
2.813300000000000000e+04 1.910000000000000000e+02 2.108000000000000000e+03 4.880000000000000000e+02 1.000000000000000000e+00
2.833800000000000000e+04 2.050000000000000000e+02 2.210000000000000000e+03 4.920000000000000000e+02 4.000000000000000000e+00
2.854600000000000000e+04 2.080000000000000000e+02 2.362000000000000000e+03 4.930000000000000000e+02 1.000000000000000000e+00
2.876900000000000000e+04 2.230000000000000000e+02 2.516000000000000000e+03 4.940000000000000000e+02 1.000000000000000000e+00
2.899800000000000000e+04 2.290000000000000000e+02 2.644000000000000000e+03 4.940000000000000000e+02 0.000000000000000000e+00
2.931100000000000000e+04 3.130000000000000000e+02 2.842000000000000000e+03 4.960000000000000000e+02 2.000000000000000000e+00
2.965400000000000000e+04 3.430000000000000000e+02 3.058000000000000000e+03 4.980000000000000000e+02 2.000000000000000000e+00
3.001700000000000000e+04 3.630000000000000000e+02 3.253000000000000000e+03 5.010000000000000000e+02 3.000000000000000000e+00
3.040300000000000000e+04 3.860000000000000000e+02 3.535000000000000000e+03 5.030000000000000000e+02 2.000000000000000000e+00
3.073300000000000000e+04 3.300000000000000000e+02 3.762000000000000000e+03 5.050000000000000000e+02 2.000000000000000000e+00
3.100400000000000000e+04 2.710000000000000000e+02 3.956000000000000000e+03 5.090000000000000000e+02 4.000000000000000000e+00
3.135300000000000000e+04 3.490000000000000000e+02 4.121000000000000000e+03 5.100000000000000000e+02 1.000000000000000000e+00
3.173500000000000000e+04 3.820000000000000000e+02 4.397000000000000000e+03 5.130000000000000000e+02 3.000000000000000000e+00
3.231800000000000000e+04 5.830000000000000000e+02 4.853000000000000000e+03 5.150000000000000000e+02 2.000000000000000000e+00
3.288700000000000000e+04 5.690000000000000000e+02 5.268000000000000000e+03 5.160000000000000000e+02 1.000000000000000000e+00
3.337500000000000000e+04 4.880000000000000000e+02 5.504000000000000000e+03 5.220000000000000000e+02 6.000000000000000000e+00
3.382400000000000000e+04 4.490000000000000000e+02 5.759000000000000000e+03 5.230000000000000000e+02 1.000000000000000000e+00
3.420100000000000000e+04 3.770000000000000000e+02 6.050000000000000000e+03 5.260000000000000000e+02 3.000000000000000000e+00
3.465200000000000000e+04 4.510000000000000000e+02 6.241000000000000000e+03 5.260000000000000000e+02 0.000000000000000000e+00
3.516300000000000000e+04 5.110000000000000000e+02 6.572000000000000000e+03 5.260000000000000000e+02 0.000000000000000000e+00
3.570300000000000000e+04 5.400000000000000000e+02 6.822000000000000000e+03 5.290000000000000000e+02 3.000000000000000000e+00
3.633200000000000000e+04 6.290000000000000000e+02 7.185000000000000000e+03 5.360000000000000000e+02 7.000000000000000000e+00
3.691500000000000000e+04 5.830000000000000000e+02 7.458000000000000000e+03 5.400000000000000000e+02 4.000000000000000000e+00
3.754600000000000000e+04 6.310000000000000000e+02 7.873000000000000000e+03 5.450000000000000000e+02 5.000000000000000000e+00
3.816100000000000000e+04 6.150000000000000000e+02 8.311000000000000000e+03 5.490000000000000000e+02 4.000000000000000000e+00
3.874600000000000000e+04 5.850000000000000000e+02 8.544000000000000000e+03 5.520000000000000000e+02 3.000000000000000000e+00
3.941600000000000000e+04 6.700000000000000000e+02 8.683000000000000000e+03 5.560000000000000000e+02 4.000000000000000000e+00
4.009800000000000000e+04 6.820000000000000000e+02 8.897000000000000000e+03 5.640000000000000000e+02 8.000000000000000000e+00
4.078600000000000000e+04 6.880000000000000000e+02 9.057000000000000000e+03 5.720000000000000000e+02 8.000000000000000000e+00
4.173600000000000000e+04 9.500000000000000000e+02 9.665000000000000000e+03 5.780000000000000000e+02 6.000000000000000000e+00
4.276600000000000000e+04 1.030000000000000000e+03 1.037200000000000000e+04 5.800000000000000000e+02 2.000000000000000000e+00
4.348400000000000000e+04 7.180000000000000000e+02 1.079500000000000000e+04 5.870000000000000000e+02 7.000000000000000000e+00
4.436400000000000000e+04 8.800000000000000000e+02 1.120500000000000000e+04 6.000000000000000000e+02 1.300000000000000000e+01
4.543900000000000000e+04 1.075000000000000000e+03 1.188000000000000000e+04 6.120000000000000000e+02 1.200000000000000000e+01
4.645300000000000000e+04 1.014000000000000000e+03 1.220900000000000000e+04 6.340000000000000000e+02 2.200000000000000000e+01
4.751700000000000000e+04 1.064000000000000000e+03 1.289000000000000000e+04 6.450000000000000000e+02 1.100000000000000000e+01
4.857000000000000000e+04 1.053000000000000000e+03 1.357700000000000000e+04 6.590000000000000000e+02 1.400000000000000000e+01
4.966500000000000000e+04 1.095000000000000000e+03 1.426900000000000000e+04 6.740000000000000000e+02 1.500000000000000000e+01
5.059100000000000000e+04 9.260000000000000000e+02 1.473800000000000000e+04 6.980000000000000000e+02 2.400000000000000000e+01
5.145800000000000000e+04 8.670000000000000000e+02 1.480800000000000000e+04 7.220000000000000000e+02 2.400000000000000000e+01
5.254800000000000000e+04 1.090000000000000000e+03 1.508300000000000000e+04 7.390000000000000000e+02 1.700000000000000000e+01
5.353300000000000000e+04 9.850000000000000000e+02 1.535200000000000000e+04 7.560000000000000000e+02 1.700000000000000000e+01
5.477000000000000000e+04 1.237000000000000000e+03 1.594900000000000000e+04 7.730000000000000000e+02 1.700000000000000000e+01
5.590200000000000000e+04 1.132000000000000000e+03 1.657700000000000000e+04 7.930000000000000000e+02 2.000000000000000000e+01
5.687200000000000000e+04 9.700000000000000000e+02 1.702400000000000000e+04 8.080000000000000000e+02 1.500000000000000000e+01
5.768000000000000000e+04 8.080000000000000000e+02 1.759300000000000000e+04 8.190000000000000000e+02 1.100000000000000000e+01
5.872500000000000000e+04 1.045000000000000000e+03 1.716300000000000000e+04 8.590000000000000000e+02 4.000000000000000000e+01
5.977300000000000000e+04 1.048000000000000000e+03 1.745900000000000000e+04 8.790000000000000000e+02 2.000000000000000000e+01
6.074000000000000000e+04 9.670000000000000000e+02 1.756900000000000000e+04 9.000000000000000000e+02 2.100000000000000000e+01
6.176900000000000000e+04 1.029000000000000000e+03 1.789900000000000000e+04 9.170000000000000000e+02 1.700000000000000000e+01
6.258700000000000000e+04 8.180000000000000000e+02 1.806700000000000000e+04 9.420000000000000000e+02 2.500000000000000000e+01
6.324400000000000000e+04 6.570000000000000000e+02 1.777500000000000000e+04 9.620000000000000000e+02 2.000000000000000000e+01
6.426400000000000000e+04 1.020000000000000000e+03 1.804300000000000000e+04 9.810000000000000000e+02 1.900000000000000000e+01
6.497900000000000000e+04 7.150000000000000000e+02 1.780000000000000000e+04 1.007000000000000000e+03 2.600000000000000000e+01
6.581800000000000000e+04 8.390000000000000000e+02 1.779600000000000000e+04 1.027000000000000000e+03 2.000000000000000000e+01
6.668600000000000000e+04 8.680000000000000000e+02 1.799100000000000000e+04 1.046000000000000000e+03 1.900000000000000000e+01
6.735800000000000000e+04 6.720000000000000000e+02 1.790800000000000000e+04 1.081000000000000000e+03 3.500000000000000000e+01
6.799900000000000000e+04 6.410000000000000000e+02 1.757500000000000000e+04 1.100000000000000000e+03 1.900000000000000000e+01
6.866400000000000000e+04 6.650000000000000000e+02 1.713000000000000000e+04 1.125000000000000000e+03 2.500000000000000000e+01
6.911400000000000000e+04 4.500000000000000000e+02 1.542200000000000000e+04 1.140000000000000000e+03 1.500000000000000000e+01
6.965100000000000000e+04 5.370000000000000000e+02 1.491700000000000000e+04 1.165000000000000000e+03 2.500000000000000000e+01
7.020400000000000000e+04 5.530000000000000000e+02 1.438300000000000000e+04 1.185000000000000000e+03 2.000000000000000000e+01
7.072800000000000000e+04 5.240000000000000000e+02 1.376100000000000000e+04 1.195000000000000000e+03 1.000000000000000000e+01
7.124100000000000000e+04 5.130000000000000000e+02 1.348800000000000000e+04 1.217000000000000000e+03 2.200000000000000000e+01
7.182000000000000000e+04 5.790000000000000000e+02 1.303000000000000000e+04 1.236000000000000000e+03 1.900000000000000000e+01
7.234000000000000000e+04 5.200000000000000000e+02 1.283800000000000000e+04 1.249000000000000000e+03 1.300000000000000000e+01
7.272900000000000000e+04 3.890000000000000000e+02 1.274200000000000000e+04 1.264000000000000000e+03 1.500000000000000000e+01
7.311500000000000000e+04 3.860000000000000000e+02 1.236400000000000000e+04 1.283000000000000000e+03 1.900000000000000000e+01
7.351800000000000000e+04 4.030000000000000000e+02 1.203800000000000000e+04 1.300000000000000000e+03 1.700000000000000000e+01
7.391800000000000000e+04 4.000000000000000000e+02 1.175600000000000000e+04 1.316000000000000000e+03 1.600000000000000000e+01
7.426200000000000000e+04 3.440000000000000000e+02 1.151900000000000000e+04 1.328000000000000000e+03 1.200000000000000000e+01
7.469200000000000000e+04 4.300000000000000000e+02 1.131100000000000000e+04 1.337000000000000000e+03 9.000000000000000000e+00
7.508400000000000000e+04 3.920000000000000000e+02 1.120500000000000000e+04 1.349000000000000000e+03 1.200000000000000000e+01
7.552100000000000000e+04 4.370000000000000000e+02 1.120500000000000000e+04 1.360000000000000000e+03 1.100000000000000000e+01
7.587500000000000000e+04 3.540000000000000000e+02 9.711000000000000000e+03 1.371000000000000000e+03 1.100000000000000000e+01
7.642900000000000000e+04 5.540000000000000000e+02 9.573000000000000000e+03 1.378000000000000000e+03 7.000000000000000000e+00
7.692600000000000000e+04 4.970000000000000000e+02 9.524000000000000000e+03 1.386000000000000000e+03 8.000000000000000000e+00
7.739500000000000000e+04 4.690000000000000000e+02 9.493000000000000000e+03 1.399000000000000000e+03 1.300000000000000000e+01
7.785000000000000000e+04 4.550000000000000000e+02 9.315000000000000000e+03 1.414000000000000000e+03 1.500000000000000000e+01
7.820500000000000000e+04 3.550000000000000000e+02 8.907000000000000000e+03 1.420000000000000000e+03 6.000000000000000000e+00
7.850800000000000000e+04 3.030000000000000000e+02 8.774000000000000000e+03 1.425000000000000000e+03 5.000000000000000000e+00
7.884400000000000000e+04 3.360000000000000000e+02 8.634000000000000000e+03 1.435000000000000000e+03 1.000000000000000000e+01
7.931100000000000000e+04 4.670000000000000000e+02 8.571000000000000000e+03 1.441000000000000000e+03 6.000000000000000000e+00
7.976200000000000000e+04 4.510000000000000000e+02 8.610000000000000000e+03 1.448000000000000000e+03 7.000000000000000000e+00
8.013100000000000000e+04 3.690000000000000000e+02 8.555000000000000000e+03 1.459000000000000000e+03 1.100000000000000000e+01
8.052400000000000000e+04 3.930000000000000000e+02 8.555000000000000000e+03 1.464000000000000000e+03 5.000000000000000000e+00
8.089600000000000000e+04 3.720000000000000000e+02 8.560000000000000000e+03 1.471000000000000000e+03 7.000000000000000000e+00
8.118500000000000000e+04 2.890000000000000000e+02 8.493000000000000000e+03 1.474000000000000000e+03 3.000000000000000000e+00
8.148700000000000000e+04 3.020000000000000000e+02 8.329000000000000000e+03 1.482000000000000000e+03 8.000000000000000000e+00
8.193000000000000000e+04 4.430000000000000000e+02 8.218000000000000000e+03 1.486000000000000000e+03 4.000000000000000000e+00
8.243400000000000000e+04 5.040000000000000000e+02 8.300000000000000000e+03 1.496000000000000000e+03 1.000000000000000000e+01
8.283700000000000000e+04 4.030000000000000000e+02 8.394000000000000000e+03 1.507000000000000000e+03 1.100000000000000000e+01
8.319900000000000000e+04 3.620000000000000000e+02 8.458000000000000000e+03 1.514000000000000000e+03 7.000000000000000000e+00
8.352500000000000000e+04 3.260000000000000000e+02 8.444000000000000000e+03 1.522000000000000000e+03 8.000000000000000000e+00
8.386900000000000000e+04 3.440000000000000000e+02 8.548000000000000000e+03 1.527000000000000000e+03 5.000000000000000000e+00
8.432500000000000000e+04 4.560000000000000000e+02 8.240000000000000000e+03 1.534000000000000000e+03 7.000000000000000000e+00
8.494600000000000000e+04 6.210000000000000000e+02 8.048000000000000000e+03 1.538000000000000000e+03 4.000000000000000000e+00
8.556700000000000000e+04 6.210000000000000000e+02 8.127000000000000000e+03 1.544000000000000000e+03 6.000000000000000000e+00
8.612800000000000000e+04 5.610000000000000000e+02 8.065000000000000000e+03 1.550000000000000000e+03 6.000000000000000000e+00
8.657400000000000000e+04 4.460000000000000000e+02 7.938000000000000000e+03 1.553000000000000000e+03 3.000000000000000000e+00
